PLOTS
        10    0
FACTOR
     1.000
TITLE
架構図(FAll)
PLOT
     0.000     0.000    3
PLOT
    29.700     0.000    2
PLOT
    29.700    21.000    2
PLOT
     0.000    21.000    2
PLOT
     0.000     0.000    2
SYMBOL
     0.000    21.050     0.200   0.00000    8
RESP-F3T
SYMBOL
    13.050     1.000     0.300   0.00000   12
架構図(FAll)
SYMBOL
     1.000    20.000     0.200   0.00000   23
データタイトル : Sample
NEWPEN
         0
PLOT
    14.835    14.825    3
PLOT
    14.865    14.825    2
PLOT
    14.865    14.855    2
PLOT
    14.835    14.855    2
PLOT
    14.835    14.825    2
PLOT
    15.807    14.264    3
PLOT
    15.837    14.264    2
PLOT
    15.837    14.294    2
PLOT
    15.807    14.294    2
PLOT
    15.807    14.264    2
PLOT
    16.778    13.703    3
PLOT
    16.808    13.703    2
PLOT
    16.808    13.733    2
PLOT
    16.778    13.733    2
PLOT
    16.778    13.703    2
PLOT
    17.750    13.142    3
PLOT
    17.780    13.142    2
PLOT
    17.780    13.172    2
PLOT
    17.750    13.172    2
PLOT
    17.750    13.142    2
PLOT
    18.721    12.581    3
PLOT
    18.751    12.581    2
PLOT
    18.751    12.611    2
PLOT
    18.721    12.611    2
PLOT
    18.721    12.581    2
PLOT
    19.693    12.021    3
PLOT
    19.723    12.021    2
PLOT
    19.723    12.051    2
PLOT
    19.693    12.051    2
PLOT
    19.693    12.021    2
PLOT
    20.664    11.460    3
PLOT
    20.694    11.460    2
PLOT
    20.694    11.490    2
PLOT
    20.664    11.490    2
PLOT
    20.664    11.460    2
PLOT
    21.636    10.899    3
PLOT
    21.666    10.899    2
PLOT
    21.666    10.929    2
PLOT
    21.636    10.929    2
PLOT
    21.636    10.899    2
PLOT
    22.607    10.338    3
PLOT
    22.637    10.338    2
PLOT
    22.637    10.368    2
PLOT
    22.607    10.368    2
PLOT
    22.607    10.338    2
PLOT
    23.579     9.777    3
PLOT
    23.609     9.777    2
PLOT
    23.609     9.807    2
PLOT
    23.579     9.807    2
PLOT
    23.579     9.777    2
PLOT
    24.550     9.216    3
PLOT
    24.580     9.216    2
PLOT
    24.580     9.246    2
PLOT
    24.550     9.246    2
PLOT
    24.550     9.216    2
PLOT
    25.522     8.655    3
PLOT
    25.552     8.655    2
PLOT
    25.552     8.685    2
PLOT
    25.522     8.685    2
PLOT
    25.522     8.655    2
PLOT
    13.648    14.140    3
PLOT
    13.678    14.140    2
PLOT
    13.678    14.170    2
PLOT
    13.648    14.170    2
PLOT
    13.648    14.140    2
PLOT
    14.619    13.579    3
PLOT
    14.649    13.579    2
PLOT
    14.649    13.609    2
PLOT
    14.619    13.609    2
PLOT
    14.619    13.579    2
PLOT
    15.591    13.018    3
PLOT
    15.621    13.018    2
PLOT
    15.621    13.048    2
PLOT
    15.591    13.048    2
PLOT
    15.591    13.018    2
PLOT
    16.562    12.457    3
PLOT
    16.592    12.457    2
PLOT
    16.592    12.487    2
PLOT
    16.562    12.487    2
PLOT
    16.562    12.457    2
PLOT
    17.534    11.896    3
PLOT
    17.564    11.896    2
PLOT
    17.564    11.926    2
PLOT
    17.534    11.926    2
PLOT
    17.534    11.896    2
PLOT
    12.460    13.454    3
PLOT
    12.490    13.454    2
PLOT
    12.490    13.484    2
PLOT
    12.460    13.484    2
PLOT
    12.460    13.454    2
PLOT
    14.403    12.332    3
PLOT
    14.433    12.332    2
PLOT
    14.433    12.362    2
PLOT
    14.403    12.362    2
PLOT
    14.403    12.332    2
PLOT
    13.432    12.893    3
PLOT
    13.462    12.893    2
PLOT
    13.462    12.923    2
PLOT
    13.432    12.923    2
PLOT
    13.432    12.893    2
PLOT
    18.505    11.335    3
PLOT
    18.535    11.335    2
PLOT
    18.535    11.365    2
PLOT
    18.505    11.365    2
PLOT
    18.505    11.335    2
PLOT
    21.420     9.652    3
PLOT
    21.450     9.652    2
PLOT
    21.450     9.682    2
PLOT
    21.420     9.682    2
PLOT
    21.420     9.652    2
PLOT
    20.448    10.213    3
PLOT
    20.478    10.213    2
PLOT
    20.478    10.243    2
PLOT
    20.448    10.243    2
PLOT
    20.448    10.213    2
PLOT
    23.363     8.530    3
PLOT
    23.393     8.530    2
PLOT
    23.393     8.560    2
PLOT
    23.363     8.560    2
PLOT
    23.363     8.530    2
PLOT
    22.391     9.091    3
PLOT
    22.421     9.091    2
PLOT
    22.421     9.121    2
PLOT
    22.391     9.121    2
PLOT
    22.391     9.091    2
PLOT
    19.477    10.774    3
PLOT
    19.507    10.774    2
PLOT
    19.507    10.804    2
PLOT
    19.477    10.804    2
PLOT
    19.477    10.774    2
PLOT
    24.334     7.969    3
PLOT
    24.364     7.969    2
PLOT
    24.364     7.999    2
PLOT
    24.334     7.999    2
PLOT
    24.334     7.969    2
PLOT
    16.346    11.210    3
PLOT
    16.376    11.210    2
PLOT
    16.376    11.240    2
PLOT
    16.346    11.240    2
PLOT
    16.346    11.210    2
PLOT
    20.232     8.967    3
PLOT
    20.262     8.967    2
PLOT
    20.262     8.997    2
PLOT
    20.232     8.997    2
PLOT
    20.232     8.967    2
PLOT
    22.175     7.845    3
PLOT
    22.205     7.845    2
PLOT
    22.205     7.875    2
PLOT
    22.175     7.875    2
PLOT
    22.175     7.845    2
PLOT
    13.216    11.647    3
PLOT
    13.246    11.647    2
PLOT
    13.246    11.677    2
PLOT
    13.216    11.677    2
PLOT
    13.216    11.647    2
PLOT
    21.204     8.406    3
PLOT
    21.234     8.406    2
PLOT
    21.234     8.436    2
PLOT
    21.204     8.436    2
PLOT
    21.204     8.406    2
PLOT
    15.159    10.525    3
PLOT
    15.189    10.525    2
PLOT
    15.189    10.555    2
PLOT
    15.159    10.555    2
PLOT
    15.159    10.525    2
PLOT
    18.073     8.842    3
PLOT
    18.103     8.842    2
PLOT
    18.103     8.872    2
PLOT
    18.073     8.872    2
PLOT
    18.073     8.842    2
PLOT
    19.261     9.528    3
PLOT
    19.291     9.528    2
PLOT
    19.291     9.558    2
PLOT
    19.261     9.558    2
PLOT
    19.261     9.528    2
PLOT
    14.187    11.086    3
PLOT
    14.217    11.086    2
PLOT
    14.217    11.116    2
PLOT
    14.187    11.116    2
PLOT
    14.187    11.086    2
PLOT
    19.045     8.281    3
PLOT
    19.075     8.281    2
PLOT
    19.075     8.311    2
PLOT
    19.045     8.311    2
PLOT
    19.045     8.281    2
PLOT
    20.988     7.159    3
PLOT
    21.018     7.159    2
PLOT
    21.018     7.189    2
PLOT
    20.988     7.189    2
PLOT
    20.988     7.159    2
PLOT
    17.318    10.649    3
PLOT
    17.348    10.649    2
PLOT
    17.348    10.679    2
PLOT
    17.318    10.679    2
PLOT
    17.318    10.649    2
PLOT
    18.289    10.088    3
PLOT
    18.319    10.088    2
PLOT
    18.319    10.118    2
PLOT
    18.289    10.118    2
PLOT
    18.289    10.088    2
PLOT
    23.147     7.284    3
PLOT
    23.177     7.284    2
PLOT
    23.177     7.314    2
PLOT
    23.147     7.314    2
PLOT
    23.147     7.284    2
PLOT
    11.273    12.768    3
PLOT
    11.303    12.768    2
PLOT
    11.303    12.798    2
PLOT
    11.273    12.798    2
PLOT
    11.273    12.768    2
PLOT
    12.244    12.207    3
PLOT
    12.274    12.207    2
PLOT
    12.274    12.237    2
PLOT
    12.244    12.237    2
PLOT
    12.244    12.207    2
PLOT
    16.130     9.964    3
PLOT
    16.160     9.964    2
PLOT
    16.160     9.994    2
PLOT
    16.130     9.994    2
PLOT
    16.130     9.964    2
PLOT
    17.102     9.403    3
PLOT
    17.132     9.403    2
PLOT
    17.132     9.433    2
PLOT
    17.102     9.433    2
PLOT
    17.102     9.403    2
PLOT
    20.016     7.720    3
PLOT
    20.046     7.720    2
PLOT
    20.046     7.750    2
PLOT
    20.016     7.750    2
PLOT
    20.016     7.720    2
PLOT
    15.375    11.771    3
PLOT
    15.405    11.771    2
PLOT
    15.405    11.801    2
PLOT
    15.375    11.801    2
PLOT
    15.375    11.771    2
PLOT
    11.057    11.522    3
PLOT
    11.087    11.522    2
PLOT
    11.087    11.552    2
PLOT
    11.057    11.552    2
PLOT
    11.057    11.522    2
PLOT
    16.886     8.156    3
PLOT
    16.916     8.156    2
PLOT
    16.916     8.186    2
PLOT
    16.886     8.186    2
PLOT
    16.886     8.156    2
PLOT
    19.801     6.474    3
PLOT
    19.831     6.474    2
PLOT
    19.831     6.504    2
PLOT
    19.801     6.504    2
PLOT
    19.801     6.474    2
PLOT
     9.869    10.836    3
PLOT
     9.899    10.836    2
PLOT
     9.899    10.866    2
PLOT
     9.869    10.866    2
PLOT
     9.869    10.836    2
PLOT
    21.960     6.598    3
PLOT
    21.990     6.598    2
PLOT
    21.990     6.628    2
PLOT
    21.960     6.628    2
PLOT
    21.960     6.598    2
PLOT
    14.943     9.278    3
PLOT
    14.973     9.278    2
PLOT
    14.973     9.308    2
PLOT
    14.943     9.308    2
PLOT
    14.943     9.278    2
PLOT
    10.841    10.275    3
PLOT
    10.871    10.275    2
PLOT
    10.871    10.305    2
PLOT
    10.841    10.305    2
PLOT
    10.841    10.275    2
PLOT
    11.812     9.715    3
PLOT
    11.842     9.715    2
PLOT
    11.842     9.745    2
PLOT
    11.812     9.745    2
PLOT
    11.812     9.715    2
PLOT
    13.756     8.593    3
PLOT
    13.786     8.593    2
PLOT
    13.786     8.623    2
PLOT
    13.756     8.623    2
PLOT
    13.756     8.593    2
PLOT
    14.727     8.032    3
PLOT
    14.757     8.032    2
PLOT
    14.757     8.062    2
PLOT
    14.727     8.062    2
PLOT
    14.727     8.032    2
PLOT
    13.971     9.839    3
PLOT
    14.001     9.839    2
PLOT
    14.001     9.869    2
PLOT
    13.971     9.869    2
PLOT
    13.971     9.839    2
PLOT
    20.772     5.913    3
PLOT
    20.802     5.913    2
PLOT
    20.802     5.943    2
PLOT
    20.772     5.943    2
PLOT
    20.772     5.913    2
PLOT
    12.784     9.154    3
PLOT
    12.814     9.154    2
PLOT
    12.814     9.184    2
PLOT
    12.784     9.184    2
PLOT
    12.784     9.154    2
PLOT
     8.898    11.397    3
PLOT
     8.928    11.397    2
PLOT
     8.928    11.427    2
PLOT
     8.898    11.427    2
PLOT
     8.898    11.397    2
PLOT
    13.000    10.400    3
PLOT
    13.030    10.400    2
PLOT
    13.030    10.430    2
PLOT
    13.000    10.430    2
PLOT
    13.000    10.400    2
PLOT
    15.914     8.717    3
PLOT
    15.944     8.717    2
PLOT
    15.944     8.747    2
PLOT
    15.914     8.747    2
PLOT
    15.914     8.717    2
PLOT
    10.085    12.083    3
PLOT
    10.115    12.083    2
PLOT
    10.115    12.113    2
PLOT
    10.085    12.113    2
PLOT
    10.085    12.083    2
PLOT
    12.028    10.961    3
PLOT
    12.058    10.961    2
PLOT
    12.058    10.991    2
PLOT
    12.028    10.991    2
PLOT
    12.028    10.961    2
PLOT
    17.858     7.596    3
PLOT
    17.888     7.596    2
PLOT
    17.888     7.626    2
PLOT
    17.858     7.626    2
PLOT
    17.858     7.596    2
PLOT
    18.829     7.035    3
PLOT
    18.859     7.035    2
PLOT
    18.859     7.065    2
PLOT
    18.829     7.065    2
PLOT
    18.829     7.035    2
PLOT
    14.511     6.785    3
PLOT
    14.541     6.785    2
PLOT
    14.541     6.815    2
PLOT
    14.511     6.815    2
PLOT
    14.511     6.785    2
PLOT
    18.613     5.788    3
PLOT
    18.643     5.788    2
PLOT
    18.643     5.818    2
PLOT
    18.613     5.818    2
PLOT
    18.613     5.788    2
PLOT
    10.625     9.029    3
PLOT
    10.655     9.029    2
PLOT
    10.655     9.059    2
PLOT
    10.625     9.059    2
PLOT
    10.625     9.029    2
PLOT
    16.670     6.910    3
PLOT
    16.700     6.910    2
PLOT
    16.700     6.940    2
PLOT
    16.670     6.940    2
PLOT
    16.670     6.910    2
PLOT
    15.483     6.224    3
PLOT
    15.513     6.224    2
PLOT
    15.513     6.254    2
PLOT
    15.483     6.254    2
PLOT
    15.483     6.224    2
PLOT
     7.710    10.712    3
PLOT
     7.740    10.712    2
PLOT
     7.740    10.742    2
PLOT
     7.710    10.742    2
PLOT
     7.710    10.712    2
PLOT
    16.454     5.663    3
PLOT
    16.484     5.663    2
PLOT
    16.484     5.693    2
PLOT
    16.454     5.693    2
PLOT
    16.454     5.663    2
PLOT
     8.682    10.151    3
PLOT
     8.712    10.151    2
PLOT
     8.712    10.181    2
PLOT
     8.682    10.181    2
PLOT
     8.682    10.151    2
PLOT
    18.397     4.542    3
PLOT
    18.427     4.542    2
PLOT
    18.427     4.572    2
PLOT
    18.397     4.572    2
PLOT
    18.397     4.542    2
PLOT
     6.523    10.026    3
PLOT
     6.553    10.026    2
PLOT
     6.553    10.056    2
PLOT
     6.523    10.056    2
PLOT
     6.523    10.026    2
PLOT
    17.642     6.349    3
PLOT
    17.672     6.349    2
PLOT
    17.672     6.379    2
PLOT
    17.642     6.379    2
PLOT
    17.642     6.349    2
PLOT
    11.597     8.468    3
PLOT
    11.627     8.468    2
PLOT
    11.627     8.498    2
PLOT
    11.597     8.498    2
PLOT
    11.597     8.468    2
PLOT
    19.585     5.227    3
PLOT
    19.615     5.227    2
PLOT
    19.615     5.257    2
PLOT
    19.585     5.257    2
PLOT
    19.585     5.227    2
PLOT
     7.495     9.465    3
PLOT
     7.525     9.465    2
PLOT
     7.525     9.495    2
PLOT
     7.495     9.495    2
PLOT
     7.495     9.465    2
PLOT
    17.426     5.103    3
PLOT
    17.456     5.103    2
PLOT
    17.456     5.133    2
PLOT
    17.426     5.133    2
PLOT
    17.426     5.103    2
PLOT
     8.466     8.904    3
PLOT
     8.496     8.904    2
PLOT
     8.496     8.934    2
PLOT
     8.466     8.934    2
PLOT
     8.466     8.904    2
PLOT
    15.699     7.471    3
PLOT
    15.729     7.471    2
PLOT
    15.729     7.501    2
PLOT
    15.699     7.501    2
PLOT
    15.699     7.471    2
PLOT
     9.654     9.590    3
PLOT
     9.684     9.590    2
PLOT
     9.684     9.620    2
PLOT
     9.654     9.620    2
PLOT
     9.654     9.590    2
PLOT
    12.568     7.907    3
PLOT
    12.598     7.907    2
PLOT
    12.598     7.937    2
PLOT
    12.568     7.937    2
PLOT
    12.568     7.907    2
PLOT
    13.540     7.346    3
PLOT
    13.570     7.346    2
PLOT
    13.570     7.376    2
PLOT
    13.540     7.376    2
PLOT
    13.540     7.346    2
PLOT
     9.438     8.343    3
PLOT
     9.468     8.343    2
PLOT
     9.468     8.373    2
PLOT
     9.438     8.373    2
PLOT
     9.438     8.343    2
PLOT
    11.381     7.222    3
PLOT
    11.411     7.222    2
PLOT
    11.411     7.252    2
PLOT
    11.381     7.252    2
PLOT
    11.381     7.222    2
PLOT
    15.267     4.978    3
PLOT
    15.297     4.978    2
PLOT
    15.297     5.008    2
PLOT
    15.267     5.008    2
PLOT
    15.267     4.978    2
PLOT
    13.324     6.100    3
PLOT
    13.354     6.100    2
PLOT
    13.354     6.130    2
PLOT
    13.324     6.130    2
PLOT
    13.324     6.100    2
PLOT
    16.238     4.417    3
PLOT
    16.268     4.417    2
PLOT
    16.268     4.447    2
PLOT
    16.238     4.447    2
PLOT
    16.238     4.417    2
PLOT
     7.279     8.219    3
PLOT
     7.309     8.219    2
PLOT
     7.309     8.249    2
PLOT
     7.279     8.249    2
PLOT
     7.279     8.219    2
PLOT
     5.336     9.341    3
PLOT
     5.366     9.341    2
PLOT
     5.366     9.371    2
PLOT
     5.336     9.371    2
PLOT
     5.336     9.341    2
PLOT
     6.307     8.780    3
PLOT
     6.337     8.780    2
PLOT
     6.337     8.810    2
PLOT
     6.307     8.810    2
PLOT
     6.307     8.780    2
PLOT
    12.352     6.661    3
PLOT
    12.382     6.661    2
PLOT
    12.382     6.691    2
PLOT
    12.352     6.691    2
PLOT
    12.352     6.661    2
PLOT
    14.295     5.539    3
PLOT
    14.325     5.539    2
PLOT
    14.325     5.569    2
PLOT
    14.295     5.569    2
PLOT
    14.295     5.539    2
PLOT
     8.250     7.658    3
PLOT
     8.280     7.658    2
PLOT
     8.280     7.688    2
PLOT
     8.250     7.688    2
PLOT
     8.250     7.658    2
PLOT
    10.193     6.536    3
PLOT
    10.223     6.536    2
PLOT
    10.223     6.566    2
PLOT
    10.193     6.566    2
PLOT
    10.193     6.536    2
PLOT
    12.136     5.414    3
PLOT
    12.166     5.414    2
PLOT
    12.166     5.444    2
PLOT
    12.136     5.444    2
PLOT
    12.136     5.414    2
PLOT
     9.222     7.097    3
PLOT
     9.252     7.097    2
PLOT
     9.252     7.127    2
PLOT
     9.222     7.127    2
PLOT
     9.222     7.097    2
PLOT
    13.108     4.853    3
PLOT
    13.138     4.853    2
PLOT
    13.138     4.883    2
PLOT
    13.108     4.883    2
PLOT
    13.108     4.853    2
PLOT
    15.051     3.731    3
PLOT
    15.081     3.731    2
PLOT
    15.081     3.761    2
PLOT
    15.051     3.761    2
PLOT
    15.051     3.731    2
PLOT
    10.409     7.783    3
PLOT
    10.439     7.783    2
PLOT
    10.439     7.813    2
PLOT
    10.409     7.813    2
PLOT
    10.409     7.783    2
PLOT
    11.165     5.975    3
PLOT
    11.195     5.975    2
PLOT
    11.195     6.005    2
PLOT
    11.165     6.005    2
PLOT
    11.165     5.975    2
PLOT
    17.210     3.856    3
PLOT
    17.240     3.856    2
PLOT
    17.240     3.886    2
PLOT
    17.210     3.886    2
PLOT
    17.210     3.856    2
PLOT
    14.079     4.292    3
PLOT
    14.109     4.292    2
PLOT
    14.109     4.322    2
PLOT
    14.079     4.322    2
PLOT
    14.079     4.292    2
PLOT
     9.977     5.290    3
PLOT
    10.007     5.290    2
PLOT
    10.007     5.320    2
PLOT
     9.977     5.320    2
PLOT
     9.977     5.290    2
PLOT
    18.721    15.221    3
PLOT
    18.751    15.221    2
PLOT
    18.751    15.251    2
PLOT
    18.721    15.251    2
PLOT
    18.721    15.221    2
PLOT
    19.693    13.198    3
PLOT
    19.723    13.198    2
PLOT
    19.723    13.228    2
PLOT
    19.693    13.228    2
PLOT
    19.693    13.198    2
PLOT
    20.664    12.637    3
PLOT
    20.694    12.637    2
PLOT
    20.694    12.667    2
PLOT
    20.664    12.667    2
PLOT
    20.664    12.637    2
PLOT
     9.006     5.850    3
PLOT
     9.036     5.850    2
PLOT
     9.036     5.880    2
PLOT
     9.006     5.880    2
PLOT
     9.006     5.850    2
PLOT
     5.120     8.094    3
PLOT
     5.150     8.094    2
PLOT
     5.150     8.124    2
PLOT
     5.120     8.124    2
PLOT
     5.120     8.094    2
PLOT
    11.920     4.168    3
PLOT
    11.950     4.168    2
PLOT
    11.950     4.198    2
PLOT
    11.920     4.198    2
PLOT
    11.920     4.168    2
PLOT
    10.949     4.729    3
PLOT
    10.979     4.729    2
PLOT
    10.979     4.759    2
PLOT
    10.949     4.759    2
PLOT
    10.949     4.729    2
PLOT
    12.892     3.607    3
PLOT
    12.922     3.607    2
PLOT
    12.922     3.637    2
PLOT
    12.892     3.637    2
PLOT
    12.892     3.607    2
PLOT
    14.835    15.134    3
PLOT
    14.865    15.134    2
PLOT
    14.865    15.164    2
PLOT
    14.835    15.164    2
PLOT
    14.835    15.134    2
PLOT
     7.063     6.972    3
PLOT
     7.093     6.972    2
PLOT
     7.093     7.002    2
PLOT
     7.063     7.002    2
PLOT
     7.063     6.972    2
PLOT
    13.863     3.046    3
PLOT
    13.893     3.046    2
PLOT
    13.893     3.076    2
PLOT
    13.863     3.076    2
PLOT
    13.863     3.046    2
PLOT
    14.835     2.485    3
PLOT
    14.865     2.485    2
PLOT
    14.865     2.515    2
PLOT
    14.835     2.515    2
PLOT
    14.835     2.485    2
PLOT
    15.807    16.241    3
PLOT
    15.837    16.241    2
PLOT
    15.837    16.271    2
PLOT
    15.807    16.271    2
PLOT
    15.807    16.241    2
PLOT
    16.778    16.818    3
PLOT
    16.808    16.818    2
PLOT
    16.808    16.848    2
PLOT
    16.778    16.848    2
PLOT
    16.778    16.818    2
PLOT
     4.148     8.655    3
PLOT
     4.178     8.655    2
PLOT
     4.178     8.685    2
PLOT
     4.148     8.685    2
PLOT
     4.148     8.655    2
PLOT
     8.034     6.411    3
PLOT
     8.064     6.411    2
PLOT
     8.064     6.441    2
PLOT
     8.034     6.441    2
PLOT
     8.034     6.411    2
PLOT
     6.091     7.533    3
PLOT
     6.121     7.533    2
PLOT
     6.121     7.563    2
PLOT
     6.091     7.563    2
PLOT
     6.091     7.533    2
PLOT
    16.022     3.171    3
PLOT
    16.052     3.171    2
PLOT
    16.052     3.201    2
PLOT
    16.022     3.201    2
PLOT
    16.022     3.171    2
PLOT
    17.750    16.504    3
PLOT
    17.780    16.504    2
PLOT
    17.780    16.534    2
PLOT
    17.750    16.534    2
PLOT
    17.750    16.504    2
PLOT
    13.648    16.431    3
PLOT
    13.678    16.431    2
PLOT
    13.678    16.461    2
PLOT
    13.648    16.461    2
PLOT
    13.648    16.431    2
PLOT
    24.550    11.192    3
PLOT
    24.580    11.192    2
PLOT
    24.580    11.222    2
PLOT
    24.550    11.222    2
PLOT
    24.550    11.192    2
PLOT
    25.522     8.964    3
PLOT
    25.552     8.964    2
PLOT
    25.552     8.994    2
PLOT
    25.522     8.994    2
PLOT
    25.522     8.964    2
PLOT
    23.363     9.154    3
PLOT
    23.393     9.154    2
PLOT
    23.393     9.184    2
PLOT
    23.363     9.184    2
PLOT
    23.363     9.154    2
PLOT
    17.534    16.519    3
PLOT
    17.564    16.519    2
PLOT
    17.564    16.549    2
PLOT
    17.534    16.549    2
PLOT
    17.534    16.519    2
PLOT
    15.591    18.115    3
PLOT
    15.621    18.115    2
PLOT
    15.621    18.145    2
PLOT
    15.591    18.145    2
PLOT
    15.591    18.115    2
PLOT
    19.477    12.196    3
PLOT
    19.507    12.196    2
PLOT
    19.507    12.226    2
PLOT
    19.477    12.226    2
PLOT
    19.477    12.196    2
PLOT
    21.420    11.031    3
PLOT
    21.450    11.031    2
PLOT
    21.450    11.061    2
PLOT
    21.420    11.061    2
PLOT
    21.420    11.031    2
PLOT
    14.619    17.538    3
PLOT
    14.649    17.538    2
PLOT
    14.649    17.568    2
PLOT
    14.619    17.568    2
PLOT
    14.619    17.538    2
PLOT
    20.448    10.870    3
PLOT
    20.478    10.870    2
PLOT
    20.478    10.900    2
PLOT
    20.448    10.900    2
PLOT
    20.448    10.870    2
PLOT
    22.391    10.223    3
PLOT
    22.421    10.223    2
PLOT
    22.421    10.253    2
PLOT
    22.391    10.253    2
PLOT
    22.391    10.223    2
PLOT
    24.334    10.261    3
PLOT
    24.364    10.261    2
PLOT
    24.364    10.291    2
PLOT
    24.334    10.291    2
PLOT
    24.334    10.261    2
PLOT
    12.460    16.801    3
PLOT
    12.490    16.801    2
PLOT
    12.490    16.831    2
PLOT
    12.460    16.831    2
PLOT
    12.460    16.801    2
PLOT
    23.579    12.892    3
PLOT
    23.609    12.892    2
PLOT
    23.609    12.922    2
PLOT
    23.579    12.922    2
PLOT
    23.579    12.892    2
PLOT
    21.636    13.539    3
PLOT
    21.666    13.539    2
PLOT
    21.666    13.569    2
PLOT
    21.636    13.569    2
PLOT
    21.636    13.539    2
PLOT
    13.432    17.908    3
PLOT
    13.462    17.908    2
PLOT
    13.462    17.938    2
PLOT
    13.432    17.938    2
PLOT
    13.432    17.908    2
PLOT
    16.562    17.802    3
PLOT
    16.592    17.802    2
PLOT
    16.592    17.832    2
PLOT
    16.562    17.832    2
PLOT
    16.562    17.802    2
PLOT
    18.505    14.496    3
PLOT
    18.535    14.496    2
PLOT
    18.535    14.526    2
PLOT
    18.505    14.526    2
PLOT
    18.505    14.496    2
PLOT
    14.403    18.485    3
PLOT
    14.433    18.485    2
PLOT
    14.433    18.515    2
PLOT
    14.403    18.515    2
PLOT
    14.403    18.485    2
PLOT
    22.607    13.700    3
PLOT
    22.637    13.700    2
PLOT
    22.637    13.730    2
PLOT
    22.607    13.730    2
PLOT
    22.607    13.700    2
PLOT
    20.232     9.291    3
PLOT
    20.262     9.291    2
PLOT
    20.262     9.321    2
PLOT
    20.232     9.321    2
PLOT
    20.232     9.291    2
PLOT
    18.289    12.566    3
PLOT
    18.319    12.566    2
PLOT
    18.319    12.596    2
PLOT
    18.289    12.596    2
PLOT
    18.289    12.566    2
PLOT
    12.244    16.856    3
PLOT
    12.274    16.856    2
PLOT
    12.274    16.886    2
PLOT
    12.244    16.886    2
PLOT
    12.244    16.856    2
PLOT
    13.216    17.433    3
PLOT
    13.246    17.433    2
PLOT
    13.246    17.463    2
PLOT
    13.216    17.463    2
PLOT
    13.216    17.433    2
PLOT
    17.102    11.514    3
PLOT
    17.132    11.514    2
PLOT
    17.132    11.544    2
PLOT
    17.102    11.544    2
PLOT
    17.102    11.514    2
PLOT
    18.073     9.491    3
PLOT
    18.103     9.491    2
PLOT
    18.103     9.521    2
PLOT
    18.073     9.521    2
PLOT
    18.073     9.491    2
PLOT
    15.159    15.836    3
PLOT
    15.189    15.836    2
PLOT
    15.189    15.866    2
PLOT
    15.159    15.866    2
PLOT
    15.159    15.836    2
PLOT
    21.204     8.946    3
PLOT
    21.234     8.946    2
PLOT
    21.234     8.976    2
PLOT
    21.204     8.976    2
PLOT
    21.204     8.946    2
PLOT
    23.147    10.631    3
PLOT
    23.177    10.631    2
PLOT
    23.177    10.661    2
PLOT
    23.147    10.661    2
PLOT
    23.147    10.631    2
PLOT
    19.261    10.543    3
PLOT
    19.291    10.543    2
PLOT
    19.291    10.573    2
PLOT
    19.261    10.573    2
PLOT
    19.261    10.543    2
PLOT
    19.045     8.972    3
PLOT
    19.075     8.972    2
PLOT
    19.075     9.002    2
PLOT
    19.045     9.002    2
PLOT
    19.045     8.972    2
PLOT
    20.988     8.472    3
PLOT
    21.018     8.472    2
PLOT
    21.018     8.502    2
PLOT
    20.988     8.502    2
PLOT
    20.988     8.472    2
PLOT
    17.318    14.865    3
PLOT
    17.348    14.865    2
PLOT
    17.348    14.895    2
PLOT
    17.318    14.895    2
PLOT
    17.318    14.865    2
PLOT
    16.346    16.888    3
PLOT
    16.376    16.888    2
PLOT
    16.376    16.918    2
PLOT
    16.346    16.918    2
PLOT
    16.346    16.888    2
PLOT
    14.187    17.119    3
PLOT
    14.217    17.119    2
PLOT
    14.217    17.149    2
PLOT
    14.187    17.149    2
PLOT
    14.187    17.119    2
PLOT
    15.375    18.171    3
PLOT
    15.405    18.171    2
PLOT
    15.405    18.201    2
PLOT
    15.375    18.201    2
PLOT
    15.375    18.171    2
PLOT
    11.273    15.749    3
PLOT
    11.303    15.749    2
PLOT
    11.303    15.779    2
PLOT
    11.273    15.779    2
PLOT
    11.273    15.749    2
PLOT
    16.130    13.813    3
PLOT
    16.160    13.813    2
PLOT
    16.160    13.843    2
PLOT
    16.130    13.843    2
PLOT
    16.130    13.813    2
PLOT
    20.016     8.163    3
PLOT
    20.046     8.163    2
PLOT
    20.046     8.193    2
PLOT
    20.016     8.193    2
PLOT
    20.016     8.163    2
PLOT
    22.175     9.524    3
PLOT
    22.205     9.524    2
PLOT
    22.205     9.554    2
PLOT
    22.175     9.554    2
PLOT
    22.175     9.524    2
PLOT
    16.886     9.741    3
PLOT
    16.916     9.741    2
PLOT
    16.916     9.771    2
PLOT
    16.886     9.771    2
PLOT
    16.886     9.741    2
PLOT
    19.801     7.395    3
PLOT
    19.831     7.395    2
PLOT
    19.831     7.425    2
PLOT
    19.801     7.425    2
PLOT
    19.801     7.395    2
PLOT
     8.898    12.761    3
PLOT
     8.928    12.761    2
PLOT
     8.928    12.791    2
PLOT
     8.898    12.791    2
PLOT
     8.898    12.761    2
PLOT
    12.784    10.738    3
PLOT
    12.814    10.738    2
PLOT
    12.814    10.768    2
PLOT
    12.784    10.768    2
PLOT
    12.784    10.738    2
PLOT
    13.756     9.087    3
PLOT
    13.786     9.087    2
PLOT
    13.786     9.117    2
PLOT
    13.756     9.117    2
PLOT
    13.756     9.087    2
PLOT
    14.727    10.265    3
PLOT
    14.757    10.265    2
PLOT
    14.757    10.295    2
PLOT
    14.727    10.295    2
PLOT
    14.727    10.265    2
PLOT
    14.943    11.511    3
PLOT
    14.973    11.511    2
PLOT
    14.973    11.541    2
PLOT
    14.943    11.541    2
PLOT
    14.943    11.511    2
PLOT
    10.085    13.446    3
PLOT
    10.115    13.446    2
PLOT
    10.115    13.476    2
PLOT
    10.085    13.476    2
PLOT
    10.085    13.446    2
PLOT
    13.971    13.534    3
PLOT
    14.001    13.534    2
PLOT
    14.001    13.564    2
PLOT
    13.971    13.564    2
PLOT
    13.971    13.534    2
PLOT
    11.057    14.553    3
PLOT
    11.087    14.553    2
PLOT
    11.087    14.583    2
PLOT
    11.057    14.583    2
PLOT
    11.057    14.553    2
PLOT
    18.829     9.094    3
PLOT
    18.859     9.094    2
PLOT
    18.859     9.124    2
PLOT
    18.829     9.124    2
PLOT
    18.829     9.094    2
PLOT
    20.772     7.276    3
PLOT
    20.802     7.276    2
PLOT
    20.802     7.306    2
PLOT
    20.772     7.306    2
PLOT
    20.772     7.276    2
PLOT
    21.960     9.579    3
PLOT
    21.990     9.579    2
PLOT
    21.990     9.609    2
PLOT
    21.960     9.609    2
PLOT
    21.960     9.579    2
PLOT
    13.000    14.817    3
PLOT
    13.030    14.817    2
PLOT
    13.030    14.847    2
PLOT
    13.000    14.847    2
PLOT
    13.000    14.817    2
PLOT
     9.869    11.758    3
PLOT
     9.899    11.758    2
PLOT
     9.899    11.788    2
PLOT
     9.869    11.788    2
PLOT
     9.869    11.758    2
PLOT
    15.914     9.212    3
PLOT
    15.944     9.212    2
PLOT
    15.944     9.242    2
PLOT
    15.914     9.242    2
PLOT
    15.914     9.212    2
PLOT
    11.812    12.022    3
PLOT
    11.842    12.022    2
PLOT
    11.842    12.052    2
PLOT
    11.812    12.052    2
PLOT
    11.812    12.022    2
PLOT
    12.028    15.131    3
PLOT
    12.058    15.131    2
PLOT
    12.058    15.161    2
PLOT
    12.028    15.161    2
PLOT
    12.028    15.131    2
PLOT
    10.841    12.335    3
PLOT
    10.871    12.335    2
PLOT
    10.871    12.365    2
PLOT
    10.841    12.365    2
PLOT
    10.841    12.335    2
PLOT
    17.858     9.903    3
PLOT
    17.888     9.903    2
PLOT
    17.888     9.933    2
PLOT
    17.858     9.933    2
PLOT
    17.858     9.903    2
PLOT
     8.466     9.445    3
PLOT
     8.496     9.445    2
PLOT
     8.496     9.475    2
PLOT
     8.466     9.475    2
PLOT
     8.466     9.445    2
PLOT
    12.352    10.876    3
PLOT
    12.382    10.876    2
PLOT
    12.382    10.906    2
PLOT
    12.352    10.906    2
PLOT
    12.352    10.876    2
PLOT
     6.523    13.373    3
PLOT
     6.553    13.373    2
PLOT
     6.553    13.403    2
PLOT
     6.523    13.403    2
PLOT
     6.523    13.373    2
PLOT
    14.295    11.939    3
PLOT
    14.325    11.939    2
PLOT
    14.325    11.969    2
PLOT
    14.295    11.969    2
PLOT
    14.295    11.939    2
PLOT
     9.654    10.033    3
PLOT
     9.684    10.033    2
PLOT
     9.684    10.063    2
PLOT
     9.654    10.063    2
PLOT
     9.654    10.033    2
PLOT
     9.438     8.667    3
PLOT
     9.468     8.667    2
PLOT
     9.468     8.697    2
PLOT
     9.438     8.697    2
PLOT
     9.438     8.667    2
PLOT
    13.540    11.196    3
PLOT
    13.570    11.196    2
PLOT
    13.570    11.226    2
PLOT
    13.540    11.226    2
PLOT
    13.540    11.196    2
PLOT
    10.625     9.719    3
PLOT
    10.655     9.719    2
PLOT
    10.655     9.749    2
PLOT
    10.625     9.749    2
PLOT
    10.625     9.719    2
PLOT
    11.381     9.699    3
PLOT
    11.411     9.699    2
PLOT
    11.411     9.729    2
PLOT
    11.381     9.729    2
PLOT
    11.381     9.699    2
PLOT
    13.324    11.778    3
PLOT
    13.354    11.778    2
PLOT
    13.354    11.808    2
PLOT
    13.324    11.808    2
PLOT
    13.324    11.778    2
PLOT
     7.495    11.144    3
PLOT
     7.525    11.144    2
PLOT
     7.525    11.174    2
PLOT
     7.495    11.174    2
PLOT
     7.495    11.144    2
PLOT
    15.267    11.131    3
PLOT
    15.297    11.131    2
PLOT
    15.297    11.161    2
PLOT
    15.267    11.161    2
PLOT
    15.267    11.131    2
PLOT
    17.210     7.203    3
PLOT
    17.240     7.203    2
PLOT
    17.240     7.233    2
PLOT
    17.210     7.233    2
PLOT
    17.210     7.203    2
PLOT
    14.511    12.097    3
PLOT
    14.541    12.097    2
PLOT
    14.541    12.127    2
PLOT
    14.511    12.127    2
PLOT
    14.511    12.097    2
PLOT
     6.307     9.403    3
PLOT
     6.337     9.403    2
PLOT
     6.337     9.433    2
PLOT
     6.307     9.433    2
PLOT
     6.307     9.403    2
PLOT
     7.279     9.350    3
PLOT
     7.309     9.350    2
PLOT
     7.309     9.380    2
PLOT
     7.279     9.380    2
PLOT
     7.279     9.350    2
PLOT
    16.238     9.432    3
PLOT
    16.268     9.432    2
PLOT
    16.268     9.462    2
PLOT
    16.238     9.462    2
PLOT
    16.238     9.432    2
PLOT
    12.568    10.018    3
PLOT
    12.598    10.018    2
PLOT
    12.598    10.048    2
PLOT
    12.568    10.048    2
PLOT
    12.568    10.018    2
PLOT
    11.597     9.117    3
PLOT
    11.627     9.117    2
PLOT
    11.627     9.147    2
PLOT
    11.597     9.147    2
PLOT
    11.597     9.117    2
PLOT
    18.397     7.522    3
PLOT
    18.427     7.522    2
PLOT
    18.427     7.552    2
PLOT
    18.397     7.552    2
PLOT
    18.397     7.522    2
PLOT
     5.336    11.632    3
PLOT
     5.366    11.632    2
PLOT
     5.366    11.662    2
PLOT
     5.336    11.662    2
PLOT
     5.336    11.632    2
PLOT
    17.426     9.751    3
PLOT
    17.456     9.751    2
PLOT
    17.456     9.781    2
PLOT
    17.426     9.781    2
PLOT
    17.426     9.751    2
PLOT
    16.670    11.327    3
PLOT
    16.700    11.327    2
PLOT
    16.700    11.357    2
PLOT
    16.670    11.357    2
PLOT
    16.670    11.327    2
PLOT
     7.710    13.692    3
PLOT
     7.740    13.692    2
PLOT
     7.740    13.722    2
PLOT
     7.710    13.722    2
PLOT
     7.710    13.692    2
PLOT
    15.483    12.258    3
PLOT
    15.513    12.258    2
PLOT
    15.513    12.288    2
PLOT
    15.483    12.288    2
PLOT
    15.483    12.258    2
PLOT
    19.585     6.591    3
PLOT
    19.615     6.591    2
PLOT
    19.615     6.621    2
PLOT
    19.585     6.621    2
PLOT
    19.585     6.591    2
PLOT
    15.699    11.166    3
PLOT
    15.729    11.166    2
PLOT
    15.729    11.196    2
PLOT
    15.699    11.196    2
PLOT
    15.699    11.166    2
PLOT
    17.642    10.519    3
PLOT
    17.672    10.519    2
PLOT
    17.672    10.549    2
PLOT
    17.642    10.549    2
PLOT
    17.642    10.519    2
PLOT
    18.613     8.820    3
PLOT
    18.643     8.820    2
PLOT
    18.643     8.850    2
PLOT
    18.613     8.850    2
PLOT
    18.613     8.820    2
PLOT
     8.682    11.463    3
PLOT
     8.712    11.463    2
PLOT
     8.712    11.493    2
PLOT
     8.682    11.493    2
PLOT
     8.682    11.463    2
PLOT
    16.454    11.450    3
PLOT
    16.484    11.450    2
PLOT
    16.484    11.480    2
PLOT
    16.454    11.480    2
PLOT
    16.454    11.450    2
PLOT
    10.409     8.798    3
PLOT
    10.439     8.798    2
PLOT
    10.439     8.828    2
PLOT
    10.409     8.828    2
PLOT
    10.409     8.798    2
PLOT
    14.079     9.390    3
PLOT
    14.109     9.390    2
PLOT
    14.109     9.420    2
PLOT
    14.079     9.420    2
PLOT
    14.079     9.390    2
PLOT
    16.022     5.462    3
PLOT
    16.052     5.462    2
PLOT
    16.052     5.492    2
PLOT
    16.022     5.492    2
PLOT
    16.022     5.462    2
PLOT
     8.250     9.037    3
PLOT
     8.280     9.037    2
PLOT
     8.280     9.067    2
PLOT
     8.250     9.067    2
PLOT
     8.250     9.037    2
PLOT
    10.193     7.958    3
PLOT
    10.223     7.958    2
PLOT
    10.223     7.988    2
PLOT
    10.193     7.988    2
PLOT
    10.193     7.958    2
PLOT
    13.108    10.198    3
PLOT
    13.138    10.198    2
PLOT
    13.138    10.228    2
PLOT
    13.108    10.228    2
PLOT
    13.108    10.198    2
PLOT
    12.136    10.037    3
PLOT
    12.166    10.037    2
PLOT
    12.166    10.067    2
PLOT
    12.136    10.067    2
PLOT
    12.136    10.037    2
PLOT
    11.165     9.136    3
PLOT
    11.195     9.136    2
PLOT
    11.195     9.166    2
PLOT
    11.165     9.166    2
PLOT
    11.165     9.136    2
PLOT
    15.051     7.691    3
PLOT
    15.081     7.691    2
PLOT
    15.081     7.721    2
PLOT
    15.051     7.721    2
PLOT
    15.051     7.691    2
PLOT
     9.222     7.754    3
PLOT
     9.252     7.754    2
PLOT
     9.252     7.784    2
PLOT
     9.222     7.784    2
PLOT
     9.222     7.754    2
PLOT
    13.863     5.022    3
PLOT
    13.893     5.022    2
PLOT
    13.893     5.052    2
PLOT
    13.863     5.052    2
PLOT
    13.863     5.022    2
PLOT
    14.835     2.794    3
PLOT
    14.865     2.794    2
PLOT
    14.865     2.824    2
PLOT
    14.835     2.824    2
PLOT
    14.835     2.794    2
PLOT
    12.892     6.722    3
PLOT
    12.922     6.722    2
PLOT
    12.922     6.752    2
PLOT
    12.892     6.752    2
PLOT
    12.892     6.722    2
PLOT
     6.091    10.648    3
PLOT
     6.121    10.648    2
PLOT
     6.121    10.678    2
PLOT
     6.091    10.678    2
PLOT
     6.091    10.648    2
PLOT
     7.063    10.334    3
PLOT
     7.093    10.334    2
PLOT
     7.093    10.364    2
PLOT
     7.063    10.364    2
PLOT
     7.063    10.334    2
PLOT
     8.034     9.051    3
PLOT
     8.064     9.051    2
PLOT
     8.064     9.081    2
PLOT
     8.034     9.081    2
PLOT
     8.034     9.051    2
PLOT
    10.949     7.369    3
PLOT
    10.979     7.369    2
PLOT
    10.979     7.399    2
PLOT
    10.949     7.399    2
PLOT
    10.949     7.369    2
PLOT
     9.006     7.028    3
PLOT
     9.036     7.028    2
PLOT
     9.036     7.058    2
PLOT
     9.006     7.058    2
PLOT
     9.006     7.028    2
PLOT
    11.920     7.530    3
PLOT
    11.950     7.530    2
PLOT
    11.950     7.560    2
PLOT
    11.920     7.560    2
PLOT
    11.920     7.530    2
PLOT
     9.977     6.467    3
PLOT
    10.007     6.467    2
PLOT
    10.007     6.497    2
PLOT
     9.977     6.497    2
PLOT
     9.977     6.467    2
PLOT
     4.148     8.964    3
PLOT
     4.178     8.964    2
PLOT
     4.178     8.994    2
PLOT
     4.148     8.994    2
PLOT
     4.148     8.964    2
PLOT
     5.120    10.071    3
PLOT
     5.150    10.071    2
PLOT
     5.150    10.101    2
PLOT
     5.120    10.101    2
PLOT
     5.120    10.071    2
NEWPEN
         1
NEWPEN
         4
PLOT
    14.850    14.840    3
PLOT
    14.850    15.149    2
PLOT
    16.793    13.718    3
PLOT
    16.793    16.833    2
PLOT
    18.736    12.596    3
PLOT
    18.736    15.236    2
PLOT
    20.679    11.475    3
PLOT
    20.679    12.652    2
PLOT
    22.622    10.353    3
PLOT
    22.622    13.715    2
PLOT
    24.565     9.231    3
PLOT
    24.565    11.207    2
PLOT
    12.475    13.469    3
PLOT
    12.475    16.816    2
PLOT
    14.418    12.347    3
PLOT
    14.418    18.500    2
PLOT
    16.361    11.225    3
PLOT
    16.361    16.903    2
PLOT
    18.304    10.103    3
PLOT
    18.304    12.581    2
PLOT
    20.247     8.982    3
PLOT
    20.247     9.306    2
PLOT
    22.190     7.860    3
PLOT
    22.190     9.539    2
PLOT
    10.100    12.098    3
PLOT
    10.100    13.461    2
PLOT
    12.043    10.976    3
PLOT
    12.043    15.146    2
PLOT
    13.986     9.854    3
PLOT
    13.986    13.549    2
PLOT
    15.929     8.732    3
PLOT
    15.929     9.227    2
PLOT
    17.873     7.611    3
PLOT
    17.873     9.918    2
PLOT
    19.816     6.489    3
PLOT
    19.816     7.410    2
PLOT
     7.725    10.727    3
PLOT
     7.725    13.707    2
PLOT
     9.669     9.605    3
PLOT
     9.669    10.048    2
PLOT
    11.612     8.483    3
PLOT
    11.612     9.132    2
PLOT
    13.555     7.361    3
PLOT
    13.555    11.211    2
PLOT
    15.498     6.239    3
PLOT
    15.498    12.273    2
PLOT
    17.441     5.118    3
PLOT
    17.441     9.766    2
PLOT
     5.351     9.356    3
PLOT
     5.351    11.647    2
PLOT
     7.294     8.234    3
PLOT
     7.294     9.365    2
PLOT
     9.237     7.112    3
PLOT
     9.237     7.769    2
PLOT
    11.180     5.990    3
PLOT
    11.180     9.151    2
PLOT
    13.123     4.868    3
PLOT
    13.123    10.213    2
PLOT
    15.066     3.746    3
PLOT
    15.066     7.706    2
PLOT
    14.850    15.149    3
PLOT
    13.663    16.446    2
PLOT
    15.822    16.256    3
PLOT
    14.634    17.553    2
PLOT
    16.793    16.833    3
PLOT
    15.606    18.130    2
PLOT
    17.765    16.519    3
PLOT
    16.577    17.817    2
PLOT
    18.736    15.236    3
PLOT
    17.549    16.534    2
PLOT
    19.708    13.213    3
PLOT
    18.520    14.511    2
PLOT
    20.679    12.652    3
PLOT
    19.492    12.211    2
PLOT
    21.651    13.554    3
PLOT
    20.463    10.885    2
PLOT
    22.622    13.715    3
PLOT
    21.435    11.046    2
PLOT
    23.594    12.907    3
PLOT
    22.406    10.238    2
PLOT
    24.565    11.207    3
PLOT
    23.378     9.169    2
PLOT
    25.537     8.979    3
PLOT
    24.349    10.276    2
PLOT
    13.663    16.446    3
PLOT
    12.475    16.816    2
PLOT
    14.634    17.553    3
PLOT
    13.447    17.923    2
PLOT
    15.606    18.130    3
PLOT
    14.418    18.500    2
PLOT
    16.577    17.817    3
PLOT
    15.390    18.186    2
PLOT
    17.549    16.534    3
PLOT
    16.361    16.903    2
PLOT
    18.520    14.511    3
PLOT
    17.333    14.880    2
PLOT
    19.492    12.211    3
PLOT
    18.304    12.581    2
PLOT
    20.463    10.885    3
PLOT
    19.276    10.558    2
PLOT
    21.435    11.046    3
PLOT
    20.247     9.306    2
PLOT
    22.406    10.238    3
PLOT
    21.219     8.961    2
PLOT
    23.378     9.169    3
PLOT
    22.190     9.539    2
PLOT
    24.349    10.276    3
PLOT
    23.162    10.646    2
PLOT
    12.475    16.816    3
PLOT
    11.288    15.764    2
PLOT
    13.447    17.923    3
PLOT
    12.259    16.871    2
PLOT
    14.418    18.500    3
PLOT
    13.231    17.448    2
PLOT
    15.390    18.186    3
PLOT
    14.202    17.134    2
PLOT
    16.361    16.903    3
PLOT
    15.174    15.851    2
PLOT
    17.333    14.880    3
PLOT
    16.145    13.828    2
PLOT
    18.304    12.581    3
PLOT
    17.117    11.529    2
PLOT
    19.276    10.558    3
PLOT
    18.088     9.506    2
PLOT
    20.247     9.306    3
PLOT
    19.060     8.987    2
PLOT
    21.219     8.961    3
PLOT
    20.031     8.178    2
PLOT
    22.190     9.539    3
PLOT
    21.003     8.487    2
PLOT
    23.162    10.646    3
PLOT
    21.975     9.594    2
PLOT
    11.288    15.764    3
PLOT
    10.100    13.461    2
PLOT
    12.259    16.871    3
PLOT
    11.072    14.568    2
PLOT
    13.231    17.448    3
PLOT
    12.043    15.146    2
PLOT
    14.202    17.134    3
PLOT
    13.015    14.832    2
PLOT
    15.174    15.851    3
PLOT
    13.986    13.549    2
PLOT
    16.145    13.828    3
PLOT
    14.958    11.526    2
PLOT
    17.117    11.529    3
PLOT
    15.929     9.227    2
PLOT
    18.088     9.506    3
PLOT
    16.901     9.756    2
PLOT
    19.060     8.987    3
PLOT
    17.873     9.918    2
PLOT
    20.031     8.178    3
PLOT
    18.844     9.109    2
PLOT
    21.003     8.487    3
PLOT
    19.816     7.410    2
PLOT
    21.975     9.594    3
PLOT
    20.787     7.291    2
PLOT
    10.100    13.461    3
PLOT
     8.913    12.776    2
PLOT
    11.072    14.568    3
PLOT
     9.884    11.773    2
PLOT
    12.043    15.146    3
PLOT
    10.856    12.350    2
PLOT
    13.015    14.832    3
PLOT
    11.827    12.037    2
PLOT
    13.986    13.549    3
PLOT
    12.799    10.753    2
PLOT
    14.958    11.526    3
PLOT
    13.771     9.102    2
PLOT
    15.929     9.227    3
PLOT
    14.742    10.280    2
PLOT
    16.901     9.756    3
PLOT
    15.714    11.181    2
PLOT
    17.873     9.918    3
PLOT
    16.685    11.342    2
PLOT
    18.844     9.109    3
PLOT
    17.657    10.534    2
PLOT
    19.816     7.410    3
PLOT
    18.628     8.835    2
PLOT
    20.787     7.291    3
PLOT
    19.600     6.606    2
PLOT
     8.913    12.776    3
PLOT
     7.725    13.707    2
PLOT
     9.884    11.773    3
PLOT
     8.697    11.478    2
PLOT
    10.856    12.350    3
PLOT
     9.669    10.048    2
PLOT
    11.827    12.037    3
PLOT
    10.640     9.734    2
PLOT
    12.799    10.753    3
PLOT
    11.612     9.132    2
PLOT
    13.771     9.102    3
PLOT
    12.583    10.033    2
PLOT
    14.742    10.280    3
PLOT
    13.555    11.211    2
PLOT
    15.714    11.181    3
PLOT
    14.526    12.112    2
PLOT
    16.685    11.342    3
PLOT
    15.498    12.273    2
PLOT
    17.657    10.534    3
PLOT
    16.469    11.465    2
PLOT
    18.628     8.835    3
PLOT
    17.441     9.766    2
PLOT
    19.600     6.606    3
PLOT
    18.412     7.537    2
PLOT
     7.725    13.707    3
PLOT
     6.538    13.388    2
PLOT
     8.697    11.478    3
PLOT
     7.510    11.159    2
PLOT
     9.669    10.048    3
PLOT
     8.481     9.460    2
PLOT
    10.640     9.734    3
PLOT
     9.453     8.682    2
PLOT
    11.612     9.132    3
PLOT
    10.424     8.813    2
PLOT
    12.583    10.033    3
PLOT
    11.396     9.714    2
PLOT
    13.555    11.211    3
PLOT
    12.367    10.891    2
PLOT
    14.526    12.112    3
PLOT
    13.339    11.793    2
PLOT
    15.498    12.273    3
PLOT
    14.310    11.954    2
PLOT
    16.469    11.465    3
PLOT
    15.282    11.146    2
PLOT
    17.441     9.766    3
PLOT
    16.253     9.447    2
PLOT
    18.412     7.537    3
PLOT
    17.225     7.218    2
PLOT
     6.538    13.388    3
PLOT
     5.351    11.647    2
PLOT
     7.510    11.159    3
PLOT
     6.322     9.418    2
PLOT
     8.481     9.460    3
PLOT
     7.294     9.365    2
PLOT
     9.453     8.682    3
PLOT
     8.265     9.052    2
PLOT
    10.424     8.813    3
PLOT
     9.237     7.769    2
PLOT
    11.396     9.714    3
PLOT
    10.208     7.973    2
PLOT
    12.367    10.891    3
PLOT
    11.180     9.151    2
PLOT
    13.339    11.793    3
PLOT
    12.151    10.052    2
PLOT
    14.310    11.954    3
PLOT
    13.123    10.213    2
PLOT
    15.282    11.146    3
PLOT
    14.094     9.405    2
PLOT
    16.253     9.447    3
PLOT
    15.066     7.706    2
PLOT
    17.225     7.218    3
PLOT
    16.037     5.477    2
PLOT
     5.351    11.647    3
PLOT
     4.163     8.979    2
PLOT
     6.322     9.418    3
PLOT
     5.135    10.086    2
PLOT
     7.294     9.365    3
PLOT
     6.106    10.663    2
PLOT
     8.265     9.052    3
PLOT
     7.078    10.349    2
PLOT
     9.237     7.769    3
PLOT
     8.049     9.066    2
PLOT
    10.208     7.973    3
PLOT
     9.021     7.043    2
PLOT
    11.180     9.151    3
PLOT
     9.992     6.482    2
PLOT
    12.151    10.052    3
PLOT
    10.964     7.384    2
PLOT
    13.123    10.213    3
PLOT
    11.935     7.545    2
PLOT
    14.094     9.405    3
PLOT
    12.907     6.737    2
PLOT
    15.066     7.706    3
PLOT
    13.878     5.037    2
PLOT
    16.037     5.477    3
PLOT
    14.850     2.809    2
PLOT
    14.850    15.149    3
PLOT
    15.822    16.256    2
PLOT
    13.663    16.446    3
PLOT
    14.634    17.553    2
PLOT
    12.475    16.816    3
PLOT
    13.447    17.923    2
PLOT
    11.288    15.764    3
PLOT
    12.259    16.871    2
PLOT
    10.100    13.461    3
PLOT
    11.072    14.568    2
PLOT
     8.913    12.776    3
PLOT
     9.884    11.773    2
PLOT
     7.725    13.707    3
PLOT
     8.697    11.478    2
PLOT
     6.538    13.388    3
PLOT
     7.510    11.159    2
PLOT
     5.351    11.647    3
PLOT
     6.322     9.418    2
PLOT
     4.163     8.979    3
PLOT
     5.135    10.086    2
PLOT
    15.822    16.256    3
PLOT
    16.793    16.833    2
PLOT
    14.634    17.553    3
PLOT
    15.606    18.130    2
PLOT
    13.447    17.923    3
PLOT
    14.418    18.500    2
PLOT
    12.259    16.871    3
PLOT
    13.231    17.448    2
PLOT
    11.072    14.568    3
PLOT
    12.043    15.146    2
PLOT
     9.884    11.773    3
PLOT
    10.856    12.350    2
PLOT
     8.697    11.478    3
PLOT
     9.669    10.048    2
PLOT
     7.510    11.159    3
PLOT
     8.481     9.460    2
PLOT
     6.322     9.418    3
PLOT
     7.294     9.365    2
PLOT
     5.135    10.086    3
PLOT
     6.106    10.663    2
PLOT
    16.793    16.833    3
PLOT
    17.765    16.519    2
PLOT
    15.606    18.130    3
PLOT
    16.577    17.817    2
PLOT
    14.418    18.500    3
PLOT
    15.390    18.186    2
PLOT
    13.231    17.448    3
PLOT
    14.202    17.134    2
PLOT
    12.043    15.146    3
PLOT
    13.015    14.832    2
PLOT
    10.856    12.350    3
PLOT
    11.827    12.037    2
PLOT
     9.669    10.048    3
PLOT
    10.640     9.734    2
PLOT
     8.481     9.460    3
PLOT
     9.453     8.682    2
PLOT
     7.294     9.365    3
PLOT
     8.265     9.052    2
PLOT
     6.106    10.663    3
PLOT
     7.078    10.349    2
PLOT
    17.765    16.519    3
PLOT
    18.736    15.236    2
PLOT
    16.577    17.817    3
PLOT
    17.549    16.534    2
PLOT
    15.390    18.186    3
PLOT
    16.361    16.903    2
PLOT
    14.202    17.134    3
PLOT
    15.174    15.851    2
PLOT
    13.015    14.832    3
PLOT
    13.986    13.549    2
PLOT
    11.827    12.037    3
PLOT
    12.799    10.753    2
PLOT
    10.640     9.734    3
PLOT
    11.612     9.132    2
PLOT
     9.453     8.682    3
PLOT
    10.424     8.813    2
PLOT
     8.265     9.052    3
PLOT
     9.237     7.769    2
PLOT
     7.078    10.349    3
PLOT
     8.049     9.066    2
PLOT
    18.736    15.236    3
PLOT
    19.708    13.213    2
PLOT
    17.549    16.534    3
PLOT
    18.520    14.511    2
PLOT
    16.361    16.903    3
PLOT
    17.333    14.880    2
PLOT
    15.174    15.851    3
PLOT
    16.145    13.828    2
PLOT
    13.986    13.549    3
PLOT
    14.958    11.526    2
PLOT
    12.799    10.753    3
PLOT
    13.771     9.102    2
PLOT
    11.612     9.132    3
PLOT
    12.583    10.033    2
PLOT
    10.424     8.813    3
PLOT
    11.396     9.714    2
PLOT
     9.237     7.769    3
PLOT
    10.208     7.973    2
PLOT
     8.049     9.066    3
PLOT
     9.021     7.043    2
PLOT
    19.708    13.213    3
PLOT
    20.679    12.652    2
PLOT
    18.520    14.511    3
PLOT
    19.492    12.211    2
PLOT
    17.333    14.880    3
PLOT
    18.304    12.581    2
PLOT
    16.145    13.828    3
PLOT
    17.117    11.529    2
PLOT
    14.958    11.526    3
PLOT
    15.929     9.227    2
PLOT
    13.771     9.102    3
PLOT
    14.742    10.280    2
PLOT
    12.583    10.033    3
PLOT
    13.555    11.211    2
PLOT
    11.396     9.714    3
PLOT
    12.367    10.891    2
PLOT
    10.208     7.973    3
PLOT
    11.180     9.151    2
PLOT
     9.021     7.043    3
PLOT
     9.992     6.482    2
PLOT
    20.679    12.652    3
PLOT
    21.651    13.554    2
PLOT
    19.492    12.211    3
PLOT
    20.463    10.885    2
PLOT
    18.304    12.581    3
PLOT
    19.276    10.558    2
PLOT
    17.117    11.529    3
PLOT
    18.088     9.506    2
PLOT
    15.929     9.227    3
PLOT
    16.901     9.756    2
PLOT
    14.742    10.280    3
PLOT
    15.714    11.181    2
PLOT
    13.555    11.211    3
PLOT
    14.526    12.112    2
PLOT
    12.367    10.891    3
PLOT
    13.339    11.793    2
PLOT
    11.180     9.151    3
PLOT
    12.151    10.052    2
PLOT
     9.992     6.482    3
PLOT
    10.964     7.384    2
PLOT
    21.651    13.554    3
PLOT
    22.622    13.715    2
PLOT
    20.463    10.885    3
PLOT
    21.435    11.046    2
PLOT
    19.276    10.558    3
PLOT
    20.247     9.306    2
PLOT
    18.088     9.506    3
PLOT
    19.060     8.987    2
PLOT
    16.901     9.756    3
PLOT
    17.873     9.918    2
PLOT
    15.714    11.181    3
PLOT
    16.685    11.342    2
PLOT
    14.526    12.112    3
PLOT
    15.498    12.273    2
PLOT
    13.339    11.793    3
PLOT
    14.310    11.954    2
PLOT
    12.151    10.052    3
PLOT
    13.123    10.213    2
PLOT
    10.964     7.384    3
PLOT
    11.935     7.545    2
PLOT
    22.622    13.715    3
PLOT
    23.594    12.907    2
PLOT
    21.435    11.046    3
PLOT
    22.406    10.238    2
PLOT
    20.247     9.306    3
PLOT
    21.219     8.961    2
PLOT
    19.060     8.987    3
PLOT
    20.031     8.178    2
PLOT
    17.873     9.918    3
PLOT
    18.844     9.109    2
PLOT
    16.685    11.342    3
PLOT
    17.657    10.534    2
PLOT
    15.498    12.273    3
PLOT
    16.469    11.465    2
PLOT
    14.310    11.954    3
PLOT
    15.282    11.146    2
PLOT
    13.123    10.213    3
PLOT
    14.094     9.405    2
PLOT
    11.935     7.545    3
PLOT
    12.907     6.737    2
PLOT
    23.594    12.907    3
PLOT
    24.565    11.207    2
PLOT
    22.406    10.238    3
PLOT
    23.378     9.169    2
PLOT
    21.219     8.961    3
PLOT
    22.190     9.539    2
PLOT
    20.031     8.178    3
PLOT
    21.003     8.487    2
PLOT
    18.844     9.109    3
PLOT
    19.816     7.410    2
PLOT
    17.657    10.534    3
PLOT
    18.628     8.835    2
PLOT
    16.469    11.465    3
PLOT
    17.441     9.766    2
PLOT
    15.282    11.146    3
PLOT
    16.253     9.447    2
PLOT
    14.094     9.405    3
PLOT
    15.066     7.706    2
PLOT
    12.907     6.737    3
PLOT
    13.878     5.037    2
PLOT
    24.565    11.207    3
PLOT
    25.537     8.979    2
PLOT
    23.378     9.169    3
PLOT
    24.349    10.276    2
PLOT
    22.190     9.539    3
PLOT
    23.162    10.646    2
PLOT
    21.003     8.487    3
PLOT
    21.975     9.594    2
PLOT
    19.816     7.410    3
PLOT
    20.787     7.291    2
PLOT
    18.628     8.835    3
PLOT
    19.600     6.606    2
PLOT
    17.441     9.766    3
PLOT
    18.412     7.537    2
PLOT
    16.253     9.447    3
PLOT
    17.225     7.218    2
PLOT
    15.066     7.706    3
PLOT
    16.037     5.477    2
PLOT
    13.878     5.037    3
PLOT
    14.850     2.809    2
NEWPEN
         5
NEWPEN
         2
NEWPEN
         6
NEWPEN
         7
NEWPEN
         6
NEWPEN
         6
NEWPEN
         3
NEWPEN
         3
NEWPEN
         0
PLOT
     1.207     0.908    3
PLOT
     0.500     0.500    2
PLOT
     1.207     0.908    3
PLOT
     1.914     0.500    2
PLOT
     1.207     0.908    3
PLOT
     1.207     1.725    2
SYMBOL
     0.400     0.500     0.200   0.00000    1
X
SYMBOL
     1.814     0.500     0.200   0.00000    1
Y
SYMBOL
     1.107     1.725     0.200   0.00000    1
Z
PLOTE
         0
